100
576
1089
1600
2025
2500
3025
3600
4096
4489
5041
5476
6084
6561
7056
7569
8100
8464
9025
9409
10000
10404
11025
11449
12100
12544
12996
13456
13924
14400
14884
15376
15876
16384
16900
17424
17956
18496
19044
19600
19881
20449
21025
21316
21904
22500
22801
23409
24025
24336
24964
25600
25921
26569
26896
27556
27889
28561
28900
29584
29929
30276
30976
31329
32041
32400
32761
33489
33856
34596
34969
35344
36100
36481
36864
37249
38025
38416
38809
38809
39204
40000
40401
40804
41209
42025
42436
42849
43264
44100
44521
44944
45369
45796
46225
47089
47524
47961
48400
48841
49284
49729
50176
51076
51529
51984
