100
484
900
1296
1681
2025
2500
2809
3249
3600
4096
4489
4900
5184
5625
6084
6400
6889
7225
7569
8100
8464
8836
9216
9604
10000
10404
10816
11236
11664
12100
12321
12769
13225
13689
13924
14400
14884
15129
15625
15876
16384
16900
17161
17689
17956
18496
18769
19044
19600
19881
20449
20736
21025
21609
21904
22500
22801
23104
23409
24025
24336
24649
25281
25600
25921
26244
26896
27225
27556
27889
28224
28900
29241
29584
29929
30276
30625
30976
31684
32041
32400
32761
33124
33489
33856
34225
34596
34969
35344
36100
36481
36864
37249
37636
38025
38416
38809
39204
39601
40000
40401
40804
41209
41616
42025
42436
42849
43264
43681
44100
44100
44521
44944
45369
45796
46225
46656
47089
47524
47961
48400
48841
49284
49284
49729
50176
50625
